prob1  =[
  
0.57400763307332314413977457066418282731650629700559853452325259061510109840531591030625500560043345019800412583492942990148680271046552497807477191697047818909361081327196014308318017837088899193133288
	0.3228792936037442685786231959986028403655347920656491756693295822209943678529901995472684406502438157363773207821478043195863265246368578001670592032958939813651560824654775804842888503336250579613747450000000000000000000000000000000000000000000000000000000000000000000000000000000000000000000000000000000000000000000000000000000000000000000000000000000000000000000000000000000000000000000000000000000
	0.0908098013260530755377377738746070488528066602684638306569989449996546659586534936226692489328810731758561214699790699648836543350541162562969854009269701822589501481934155695112062391563320475516366470312500000000000000000000000000000000000000000000000000000000000000000000000000000000000000000000000000000000000000000000000000000000000000000000000000000000000000000000000000000000000000000000000000
	0.0113512251657566344422172217343258811066008325335579788321248681249568332448316867028336561166101341469820151837473837456104567918817645320371231751158712727823687685241769461889007798945415059439545808789062500000000000000000000000000000000000000000000000000000000000000000000000000000000000000000000000000000000000000000000000000000000000000000000000000000000000000000000000000000000000000000000000
	0.0008978996469006712791206982035941370797213549172052698099630022637905307547181314677046153764115438143608820604331426595648896485765848897412177511566265362259490920414632154700204718471268183412698447765541076660156250000000000000000000000000000000000000000000000000000000000000000000000000000000000000000000000000000000000000000000000000000000000000000000000000000000000000000000000000000000000000
	0.0000517190196614786656773522165270222957919500432310235410538689303943345714717643725397858456813049237071868066809490171909376437580112896490941424666216884866146677015882812110731791783945047364571430591295166015625000000000000000000000000000000000000000000000000000000000000000000000000000000000000000000000000000000000000000000000000000000000000000000000000000000000000000000000000000000000000000
	0.0000023382803304704981227101515718597319784410284302220567967786517286211738404118006971474358760717286832314636990446423426169001265015231503677545603037149380884090938579771236198449787685594227637235541056096553802490234375000000000000000000000000000000000000000000000000000000000000000000000000000000000000000000000000000000000000000000000000000000000000000000000000000000000000000000000000000000
	8.69334900039775840741035025823803659504208140637937970497821712125816146160291736378794934248292910305605846171345749356672912928937964598811587584123038801749388140552995666193672460767105132090495891997766793655429344035850698340084803186235781700621199158852376042047366222703181968853412349157564740819125396918124514611664421484449987040048013440969175053549360994056367622742581818344720E-8
	2.74326632885043707783841570549697306940881982994441651886667024936977414493712622654157759837626431417732834746215911088755400120791674665740209880221015968287922110596678997334293825039596070E-9
	1.9288591374729635703551360429275591894280764429296678648281275190881224456589168780370467488583108459059339943093306248428114070993164624934858507203040185270244523401328992000067534573096599E-10
	1.356229081035677510405955030183440055066616248934922717457277161858836094603925929869798495290999813527609839748748095592601770616706887690732238787713763026814068051655944750004748524670855E-11
	9.5359857260321074950418713059773128871871455003236753571214800443199412901838541943970206700148424388660066857333850471354811996487203040754610539761123962822864159882058615234708880640919E-13
	6.704989963616325582451315762015298123803461679915084235476040656162458719660522480435405158604186089827660950906286361267135218503006463803058553576954028635982636241707246383690468170065E-14
	4.71444606816772892516108139516700649329930899369029360306909108636422878726130486905614425214356834441007410610598259776595445050992641986152554548379580138467529110745040761353236043208E-15
	3.3148448916804344005038853559768014406010766361884876896579546700998483660431049860551014272884464921633333558557690140541867230147920139651351491682939228485998140599260678532649409288E-16
	2.330750314462805437854294390921188512922632009820030406790749377413955882374058193319993191062188939802343765836087588006850039619775634819235651758956664502921744260885516459326911591E-17
	1.63880881485666007349130074361646067314872563190470887977474565599418772979425966717812021246560159829852296035349908531731643410765474323227506764301640472861685143343512876046423471E-18
	1.1522874479460891141735708353553239108076977099329984310916180393709132475115888284846157743898761238036489564985540443637381177319447413351934069364959095748087236641340749097014150E-19
	8.10202111837093908403291993609212124786662452296639521861293933932673377156585895028245466367881649549440672538045812443253364030273646251307864252223686419787383826344271420883807E-21
	5.6967335988545665434606468300647727524062203677107466380872229729641096831322445744173509353991678483945047287831346187416252158378615752045084205234477951391300425289831584280893E-22
	4.005515811694617100870767302389293341535623696046618729905078652865389620952359466387199876452539893402386137425641528802705229885996420065669983180549230957200811153191283269750E-23
	2.81637830509777764904975825949247188076723541128277879446450842779597707723212774980349991313069211254855275287740419993940211476359123285867420692382367801678182034208762104904E-24
	1.9802659957718749094881112762056442911644623985582038398578574882940463824288398240805858764200178916357011543669248280823921119431500856037553017433135236055497174280303585501E-25
	1.392374528277099545733828241082093642225012623986237074900056046456751362645278001306661944357825080056352374164244019745431953710027403940140446538267321285152145066583845856E-26
	9.7901334019483561809409798201084709218946200124032294328910190766490330185996109466874667962659575941462276308423407638350684245236301839541125147221921027862260199994176662E-28
	6.883687548244937939724126436013768616957154696221020695001497788268851341202851446889625091124501433384066302936020849571532485993177473092735361914041322271565170312090547E-29
	4.84009280735972198886852640032218105879799939578040517617292813237653609928325492359426764219691507034817161925188965985498377921395291076832955134581030472219426037568867E-30
	3.4031902551748045234231826252265335569673433251580973894965900930772519448085386181522194359197059088385581697864849170855354697598106403839817157900228705077928393266561E-31
	2.392868148169784430531925283362406407242663275501787226989789909194942773693503715888279290881043217152111213131122207325767127174866856519987143914859830825791840151555E-32
	1.68248541668187967771775996486419200509249761558719414397719602990269413775324480023394637640073351206007819673282030202593001129482825849061596056513581854938488760656E-33

];


