prob1  =[

	0.027263979174010779705817704367113461506359712732160503885669101971379973431019430714758667622666503652892799542564156764818979112999195025051879219207
	0.122687906283048508676179669652010576778618707294722267485510958871209880439587438216414004301999266438017597941538705441685406008496377612733456486431718111833392086237646541634936907692050877701857284031085352815771039787448155445718069340981332029223142396340513254118551832903993560200415033753656
	0.276047789136859144521404256717023797751892091413125101842399657460222230989071735986931509679498349485539595368462087243792163519116849628650277094471856503250264388069409437357216084614228949658357778139884087670969679043516699505731312034415994131504140783532309643533483248067971020901867651891452
	0.276047789136859144521404256717023797751892091413125101842399657460222230989071735986931509679498349485539595368462087243792163519116849628650277094472347254875396582104114156035824126921343424487536667209826131506454518565275049258596968051623991197256211175298464465300224872101956531352801477837178
	0.174686491563168677392451131203741622014869214097368228509643533236546880547771957929230095969057549283818025194104914583962228476941131405630253473846104728979504495866467614400887219229292546785679383178740778690683478777826893812878898710642659168033068778957951211181673039197962971152386444083522
	0.080495535312308126542441481258684139424451733856067279697243740115400802556413318213789228222541718709983346009443544640289794882174473351714420800748416013458524280272351260313544949999165352531036173101027396651255879309206505198583725358189329094975212788106668075885293456937979070651348859699382
	0.029114415260528112898741855200623603669144869016228038084940588872757813424628659654871682661509591547303004199017485763993704746156855234271708912307775001427164118576763994748038248076569956840053765542742360121685179707741213737862345343849331540181820794968205724413008770242991145275570671411277
	0.008659415879407387453805599683637099674376469469488491263574200255297889547336620444230464514713628058234466276228611053673789972524379113784525480535120606807616323089429790140291647207908795699258751325534841598741443072544118402137535270678905463394030524223170815183463659335259358043389747821009
	0.002186046736041926750892394775062081874922860934625306982520620768671005407855857498118741339975331460668811918828053177996399271082326437287025629124
	0.001229651289023583797376972060972421054644109275726735177667849182377440541918919842691792003736123946626206704340779912622974589983808620973951916382
	0.000691678850075765886024546784296986843237311467596288537438165165087310304829392411514133002101569719977241271191688700850423206865892349297847952965
	0.000389069353167618310888807566167055099320987700522912302308967905361612046466533231476699813682132967487198215045324894228363053862064446480039473543
	0.000218851511156785299874954255968968493368055581544138170048794446765906776137424942705643645196199794211548995962995253003454217797411251145022203868
	0.000123103975025691731179661768982544777519531264618577720652446876305822561577301530271924550422862384243996310229184829814442997511043828769074989676
	0.000069245985951951598788559745052681437354736336347949967867001367922025190887232110777957559612860091137247924503916466770624186099962153682604681693
	0.000038950867097972774318564856592133308512039189195721856925188269456139169874068062312601127282233801264701957533453012558476104681228711446465133452
	0.000021909862742609685554192731833074986038022043922593544520418401569078283054163285050838134096256513211394851112567319564142808883191150188636637567
	0.000012324297792717948124233411656104679646387399706458868792735350882606534217966847841096450429144288681409603750819117254830329996795021981108108631
	0.000006932417508403845819881294056558882301092912334883113695913634871466175497606351910616753366393662383292902109835753455842060623197199864373311105
	0.000003899484848477163273683227906814371294364763188371751453951419615199723717403572949721923768596435090602257436782611318911159100548424923709987497
	0.000002193460227268404341446815697583083853080179293459110192847673533549844591039509784218582119835494738463769808190218866887526994058489019586867967
	0.000001233821377838477442063833829890484667357600852570749483476816362621787582459724253622952442407465790385870517106998112624233934157900073517613231
	6.94024525034143561160906529313397625388650479571046584455709203974755515133594892662910748854199507092052165872686438351131587963818791353657443E-7
	3.90388795331705753153009922738786164281115894758713703756336427235799977262647127122887296230487222739279343303386121572511518229648070136432311E-7
	2.19593697374084486148568081540567217408127690801776458362939240320137487210239009006624104129649062790844630608154693384537729004177039451743175E-7
	1.23521454772922523458569545866569059792071826075999257829153322680077336555759442566226058572927597819850104717087015028802472564849584691605536E-7
	6.9480818309768919445445369549945096133040402167749582528898744007543501812614686443502157947271773773665683903361445953701390817727891389028114E-8
	3.9082960299245017188063020371844116574835226219359140172505543504243219769595761124469963845340372747686947195640813348957032334971938906328314E-8
	2.1984165168325322168285448959162315573344814748389516347034368221136811120397615632514354663003959670573907797547957508788330688421715634809677E-8
	1.2366092907182993719660565039528802510006458295969102945206832124389456255223658793289324497939727314697823136120726098693436012237215044580443E-8

];


