prob1  =[
  
	0.5740076330733231441397745706641828273165062970055985345232525906151010984053159103062550056004334502
	0.32287929360374426857862319599860284036553479206564917566932958222099436785299019954726844065024381573750000000000000000000000000000000000000000000000000000000000000000000000000000000000000000000000000
	0.09080980132605307553773777387460704885280666026846383065699894499965466595865349362266924893288107317617187500000000000000000000000000000000000000000000000000000000000000000000000000000000000000000000
	0.01135122516575663444221722173432588110660083253355797883212486812495683324483168670283365611661013414702148437500000000000000000000000000000000000000000000000000000000000000000000000000000000000000000
	0.00089789964690067127912069820359413707972135491720526980996300226379053075471813146770461537641154381436400413513183593750000000000000000000000000000000000000000000000000000000000000000000000000000000
	0.00005171901966147866567735221652702229579195004323102354105386893039433457147176437253978584568130492370736663818359375000000000000000000000000000000000000000000000000000000000000000000000000000000000
	0.00000233828033047049812271015157185973197844102843022205679677865172862117384041180069714743587607172868323959410190582275390625000000000000000000000000000000000000000000000000000000000000000000000000
	8.693349000397758407410350258238036595042081406379379704978217121258161461602917363787949342483829861182130380134790416746676737019262156011127792003703243489356985310436887889916113176771175476E-8
	2.7432663288504370778384157054969730694088198299444165188666702493697741449371262265415775984E-9
	1.928859137472963570355136042927559189428076442929667864828127519088122445658916878037046749E-10
	1.35622908103567751040595503018344005506661624893492271745727716185883609460392592986979850E-11
	9.535985726032107495041871305977312887187145500323675357121480044319941290183854194397021E-13
	6.70498996361632558245131576201529812380346167991508423547604065616245871966052248043541E-14
	4.7144460681677289251610813951670064932993089936902936030690910863642287872613048690561E-15
	3.314844891680434400503885355976801440601076636188487689657954670099848366043104986055E-16
	2.33075031446280543785429439092118851292263200982003040679074937741395588237405819332E-17
	1.6388088148566600734913007436164606731487256319047088797747456559941877297942596672E-18
	1.152287447946089114173570835355323910807697709932998431091618039370913247511588828E-19
	8.1020211183709390840329199360921212478666245229663952186129393393267337715658590E-21
	5.696733598854566543460646830064772752406220367710746638087222972964109683132245E-22
	4.00551581169461710087076730238929334153562369604661872990507865286538962095236E-23
	2.8163783050977776490497582594924718807672354112827787944645084277959770772321E-24
	1.980265995771874909488111276205644291164462398558203839857857488294046382429E-25
	1.39237452827709954573382824108209364222501262398623707490005604645675136265E-26
	9.790133401948356180940979820108470921894620012403229432891019076649033019E-28
	6.88368754824493793972412643601376861695715469622102069500149778826885134E-29
	4.8400928073597219888685264003221810587979993957804051761729281323765361E-30
	3.403190255174804523423182625226533556967343325158097389496590093077252E-31
	2.39286814816978443053192528336240640724266327550178722698978990919494E-32
	1.6824854166818796777177599648641920050924976155871941439771960299027E-33

];


prob2 = [
    
	0.8293041348496654281366421419216651835811042147695706520757124400444179971570111664938723614390001743
	0.1554945252843122677756204016103122219214570402692944972641960825083283744669395937176010677698125327
	0.0145776117454042751039644126509667708051365975252463591185183827351557851062755869110251001034199249
	0.0006074004893918447959985171937902821168806915635519316299382659472981577127614827879593791709758302
	0.0000160154425913865327069921525706422042536901095858419472737628716572756428169531594481476929847143
	3.074964977546214279742493293563303216708501040481653876562471358196923420855006614044357053065E-7
	4.6340979720447143249398589614126748419242215236811190028249049934246651669424651180982907942E-9
	5.74294285819785419830369519990792945076075018192000910005075392091149250176551788981402985E-11
	6.040795007265681164648217885857534336619539542371396576868335736167277526916963585186578E-13
	5.5180445673829188635257808468276973331097364203259780840679119434735858278826411728613E-15
	4.45375734295684140907183808288504291570285411379958326819348657156141037504533891209E-17
	3.219592980608459617054212253480260427087593507901882932923340056046007916917630160E-19
	2.1073437765356694967248854306547740825063654136470718198438157712301586647947557E-21
	1.26011487986978671675629100289746296959972462098842527445053083280439151321243E-23
	6.93533072063442527183599891519492992470892958571744881714416020753357729757E-26
	3.535536172519465885116469544534816621341111391968627168903278345813495763E-28
	1.6785506244143046811890910080600382245860171652983774606837467661410347E-30
	7.4568037569979175135105942817403611325880309641795010508104751398691E-33
	3.11246259697011512384227838755715650052615710656047295292100438075E-35
	1.225104634584375780451860957430869142426317994181859619389228047E-37
	4.562147835622853426431523703112722366466051531030810463402482E-40
	1.6119614423981968506069077173763031838639893258465944026617E-42
	5.4183308352497165812516054657483312231114826588670247221E-45
	1.73672355983894001174315083670464374695230364660905827E-47
	5.31968358134334034125633999639324165483634358651231E-50
	1.560218503775752499817401390878314758018288410974E-52
	4.389481319653686869328247198178384650267086192E-55
	1.1865616517067515505949003696214214920421546E-57
	3.0866159942934533711245882058657863125978E-60
	7.7376089898664857363524913569227525456E-63
	1.87169726520834478187261622986061667E-65
	4.37423840908617142598442220055506E-68
	9.88792603003819203091753760362E-71
	2.164261494520817831842609318E-73
	4.591481285635436451055268E-76
	9.450283672369155220868E-79
	1.8887396530460920251E-81
	3.6685870670044679E-84
	6.9305722343797E-87
	1.27440766305E-89
	2.28257497E-92
	3.98485E-95
	6.78E-98
	1E-100
	0E-100
	0E-100
	0E-100
	0E-100
	0E-100
	0E-100
	0E-100
	0E-100
	0E-100
	0E-100

    
    ];

